10 0 63 4 46
10 11 8 34 30 19 6 53 125 7 87 21 8 10 10 51 40 5 48
10 15 28 50 8 22 4 8 23
10 16 31 43 26 28 114 151 17 9 50 23 26 33 1 13 85 5 64 28 57 3 6 22 18 5 11 2 24 21 77 19 74 14 20 7 75
10 19 13 17 22 4 23
10 29 53 22 57 46 19 54 1
10 45 4 1 11 12 88 37 21 1 26 19 37 20 9 7 3
10 54 3 102 2 12 46
10 57 10 56 56 20 106
10 77 25 71 102 7 27 17 10 24 30 13 2
10 85 1 12 16 74 70
10 109 6 5 11 11 28 117 3 12 118 37 11 15 24 46 30 14 16 13 101 53 6 7 44 9 19 26 2 11 12 6 16 9 9
10 110 180 7 63 41 12 50 58 30 75 65 22 48 47 22 62 19 83
10 113 67
10 141 51 8 13 53 40 17 12 53 28 50 183
10 149 110 12 24 11 86 6 8 21 10 27 53 86 1 4 20 2 24 27 168 1 66 14 40 9 13 1 1 69 26 49 125
10 152 63 21 80 11 18 20 98 7 16 33 123 11 172 22 47 1 110
10 154 13 14 19 32 185
10 167 156 11 10 30 8 7 37
10 175 84 11 68 2 37 53 33 25 1 7 79
10 180 79
10 206 43 8 44
10 210 42 2 5
10 212 34 27 91 36 2 29 43 1 32 25 32 67 71 44 33 13 47 7 5
10 229 9 27 12
10 238 8 109 11
10 239 49 38 28 1 30
10 250 108
10 264 24 76 16 23 41
10 274 5 14 89 24 20 7 68 66 63 33 32 30 8 1 14 93 16 9 9 8 11 43 30 21 24 6 180
10 281 174 9 64 49 3 24 28 6 5 3 73 4 82 3 70 13 25 22 63 1 95 19 40 19 56 2 12
10 283 60 151 70 15 35 88 15 65 17 16 2
10 301 16 20 10 41 25
10 304 104 85 84 31 77 10 37
10 313 11
10 328 54 72 42 93 4
10 362 46 12 39 43 36 52 1 16 158 37 24
10 365 2 13 130 144 4 39 54 20 8 87 1 33 15 100 57
10 381 201 37 195 4 113 28 12 14 56 68 69 2 43
10 387 166 8 121 5 2 64 5 26 51 34 8 19 34 46 78
10 401 54 22 16 38 252 19 29 15 18 9 37 22 82 8 53 38 103 44 119
10 407 39 13 23 42 17 27 130
10 408 69 25 2 28 2 4 38 7 8 21 107 90 92
10 433 10 15 7
10 443 37 19 79
10 474 219 10 77 52 183 14 87 7 14
10 479 46
10 491 98 18 5 6 38
10 513 7 10 45 51 35
10 517 21 43 123 71 81 5 3 39 21 75 48 9 12 2 38 37 125
10 521 49 11 76 3 16 34 48 17 108 80 132 10 33 22 9
10 526 6 4 2 31 69
10 531 71 3 23
10 540 10 33 1 13 20 10 95 32 32 11 135 3 44 15 68 102 11 8 12 25 208 14 126 27 196 26 5 24 43 11 33 18 46 20 9 35 28 5 1 21 58
10 568 11 21 51
10 591 127 18 16 33 11 6 9 34 3 3 17 6 1
10 596 93 33 9 49 240 21 5
10 597 11 4 57 42 168 21 27 59 23 27 38 90 25 30 51 31 70
10 601 110 5 10 9 22 6 14 40 38
10 608 98 9 55 4 25 138 3 50 81
10 609 26
10 619 48 7 7
10 623 33 13 114 9 9 12 4 3 80 117 66 18 35 42 47
10 635 61 5 22 4 31 27 119
10 649 117 81 59 2 48
10 652 13 14 23 41 21 21 18
10 677 8 130 65 4 18
10 755 19 13 7 18 8 43 112 7 54 19 40
10 762 108 24 60 30 141
10 854 8 6 44 130 72 51 77 61 13
10 865 26 40 72 63 48
10 876 170 2 26 69 59 12 14
10 881 38 57 115 98 5 30 83 14 13
10 884 22
10 898 158
10 916 81 7 40 22 45 7 14
10 932 20 14 62 17 129 9 129 12 34 67 8 79 53 13 27 9 71 14 86 9 63 49 69 13 35 5 35 41 28 12 15 75 38 3 87 13 37 38 47 22 74 49 24 5 29 30 2 12 12 37 83 3 41 9 9 28 21 34 172
10 938 21 4 52 13 34 36 7 21 28
10 951 3 1 1 11 75 87 85 20 7 12 55 9 20 9 1 27 188 21 2 2 115 6 29 22 20 43 173 1 33 15 52 31 28 10 10 6 77 10 23
10 957 53 83 3
10 960 65 14 113 8 13 34 7
10 963 8 114 22 17 5 31 25
10 968 66
10 971 2 93 53
10 975 22 3 44 15 144 43 4 15 71 52 1 32 58 5 41 12 31 2 27
10 992 11 24 171 20 78 1 5 14 8 2 11 24 8 6 1 17 65
10 996 54 10 23
10 1022 9 41 2 15 34 18 106 34 22 26 3
10 1044 7 2 3 4 77 6 76 3 11
10 1074 34
10 1079 47 65 48
10 1084 23 73 14
10 1086 10 35 33 15 4 9 21 7 16 58 29 3 6 17 2 28 44
10 1088 23 7 14 7 27 24 11 17 21 7 187 17 75 29 83 41 93 1 108 45 66 69 81
10 1089 25 47 163 12 28 16 38
10 1106 89 42 186
10 1110 66
10 1111 6 11 9 18 15 13 66 53 132 47 68
10 1119 74 52 12 37 91 15 18 7 81 3 60 4 27 33 11
10 1137 16 9 40 22 3 2 1 3 18 12 16 5 38 7 134 33 28 24 68
