10 0 11 17 138
10 2 60 56 7 27 25 17 38 21 82
10 10 2 16 49
10 13 96 49 68 38 121 1 50 5 15
10 20 5 23 23 41 76 51 86 16 19
10 24 139 43 13 14 5 104 91 23 26 3 16 3 64
10 26 9 9 26
10 40 63 17 56 1 15 29 8 5 22
10 41 35 13 5 55 49 17 102 17 17
10 44 28 23 35 14 119 51 24 30 25 54 70 5 121
10 58 51 50 16 53 57 22 18 32 16 13 85 11 86
10 64 2 10 73 1 13 44 88 63 37 24 2
10 67 15
10 73 30 58 35 26 9 11 6 49 26 1 121 15 76 1 78
10 80 19 22 18 6 50 32 86 20 102
10 89 52 38 28 43 1 67 51 6 14 6 10
10 94 41 22 47 81 49 18 95 3 25 99 89 1 35 3 49 12 12 3 110 7 53 126 190 1 24 1 30 8 171 14 178 37 61 9 32 37 53 9 154 11 1 7 1
10 109 71 59 3 22 34 28 40 65 16 27 33 10 1
10 128 54 12 76 13 9
10 162 73 16 103 8 98 7 11 63 28 34 26
10 164 44 23 80
10 166 18 18 99 31 13 51 74 3 18 14 122 2 142
10 173 18 33 23 14 21 5 24 1 31 53 219 3 5
10 179 65 5 105 36 6 4 23 15 96 33 26 26 52 38 3 6 61 152 74 38 12 32 88 5 19
10 184 32 10 11 11 13 1 123
10 211 2 38 28 3 8 18 14 35 34
10 224 13 17 14 11 98 11 122 23 31 6 3 72 44 2 22 2 2 10 80 16 3 110 54 2 9
10 228 23 48 6 23 63
10 249 61 15 5 24 2 1 58 8 31
10 267 66 42 34 19 87 136 7
10 279 6 8 4 9 14 10 11 13 7 1 91 5 73 7 29 16 17 32 28 19 64
10 290 44 8 65 15 27
10 300 44 11 31
10 310 11 28 70
10 311 46 6 114 20 14 43 12 7 110 5 57 18 28 9 9 14 81 2 63
10 323 57 19 7 2 14
10 330 1 47 39
10 331 16 1 38 15 6 50 68 5 11 13 34 55 35 9 54 146 109 5 2
10 346 23 24 42
10 352 29 1 1 64 11 41 29 30 12 25 8 10 124 56 22
10 353 35 20 163
10 359 50 6 12 34 25 13 96 7 15 4 48 14 77 48 18
10 366 42 8 27 22 25 54 94 33 14 42 27 16 55 21 11 7 268
10 367 70 3 24
10 377 21 98 34 1 6 12 44 5 45 23 55 13 33 6 68 105 72 21 24 1 11
10 378 52 27 42 31 48 2 48
10 379 57 72 14 12 15 30 18 49 31 61 47
10 388 18 9 43 9 30 63 21 29 156 10 59 50 135 4 23 77 36 10 67 1 78
10 403 92 58 131 21 18 36 5 54 29
10 411 18 17 42 28 40
10 420 37 4 57 3 10 15 255 13 115 1 24 11 65 21 69 8 103 3 46 34 8 9 4
10 428 3 5 60
10 458 74
10 483 173 20 21 45 98 14 7 6 82 60 100 8 48 48 37 33 51 12 219 52 79 14 33
10 502 38 12 9
10 504 54 15 6 28 4
10 506 24
10 525 20 14 13 51 56 76 60
10 528 47 51 34 37 22
10 565 6 23 8 42 15 33 81
10 566 36 23 9 16 1 27 38 35 121 10 52 3 104 12 4 55 141 80 46 27 104 16 10 3 2
10 567 23 23 55
10 570 46 9 179 46 74
10 577 65 15 51 29 79 62 5
10 595 46 8 91 11 42
10 604 90 3 73 33 132 16 52 46 116 25 151 41 144 2 105 5 17 8 20 39 20 16 3 17 76 20 61 26 130 10 1 39 139 52 102 11 26 21 186 5 11 34 17 9 92 1 10
10 605 10 6 33 13 104
10 616 88
10 632 21 33 16 14 13 1 85 59 15 60 64 42 11 25 2 50 36 4 42 59 15 15 12 9 17 18 63 26 15 8 109 27 32
10 633 69 17 9 15 37 1 2
10 641 14 12 33 5 48 11 111 3 180
10 646 17 6 100 2 54 13 111 5 13 12 113
10 650 162 26 22
10 704 111 1 14 28 26
10 730 21 16 108 8 23 3 135 31 29 20 10 39 63 12 48 30 165 7 170 5 52
10 737 159
10 743 9 33 105 8 7
10 744 110 2 109 53 202 22 104 21 160 15 45 13 191 17 16
10 752 8 1 17 14 32 9 227 53 13 13 29 37 206 68 152 16 42 62 105 15 11
10 761 34 17 54 16 47
10 763 56 20 23
10 775 109 27 1 5 72 43 49 17 7 26 45 15 115
10 789 4 8 63 32 40 14 40 2 25 54 101
10 798 37 21 6 14 22 51 31 139 63 19 20
10 801 119 74 111 11 6 8 14
10 803 15 10 8 6 2 35 55 9 87 2 76 26 66
10 811 61 20 17 63 46 40 96
10 818 244 22 13 7 18
10 832 8 10 35
10 835 107 12 70 24 4 8 58
10 860 49 7 3 3 76 24 5 32 54
10 866 17 50 30 37 11 6 26 8 48 42 38 29 16 25 86 11 6 62 151 6 61 18 102
10 872 35 49 205 18 35 9 15 2 50 27 29 32 1 14 15 72 35 13 29 19 99
10 875 16 6 5 13 94 15 12 1 148 13 54
10 895 30 29 42 20 1 55 20 4 7 3 91 1 7 17 60 14 20 19 35 59 28 4 7
10 897 26
10 905 8 6 51 23 114 9 60 27 19 16 96 30 24 19 19 33 46
10 970 5 4 1 6 6 6 54 30 24 102 16 4 24 14 27 17 65 34 15 4 59 6 1 44 5
10 991 278 14 27 4 19
10 999 108 60 63
