10 0 228 11 89 60 68 10 20 20 44
10 40 14 7 20 15 1 8 49 57 100 49 128 14 3 1 33 35 1 40 23
10 51 13 11 110
10 60 6 25 52 23 1 26 165 65 37 1 12 5 3
10 96 153 32 30 10 69 15 38 31 71 14 116 6 23
10 99 22 8 19 10 63 57 141 7 13 32 43
10 104 12 12 15 16 29 4 3
10 107 73 74 31
10 154 86 36 37 13 23
10 179 74 1 61 29 21 5 79 48 14 30 109 52 85 16 68 11 31 16 38 13 72 10 78 18 84 24 10
10 186 1 6 69 2 55 34 10 16 70 63 9 5 50 13 1
10 193 136
10 208 3 20 46 11 49 22 27
10 219 199 127 90 8 39 22 25 9 27 58 208 1 215 50 67 27 52 4 148 31 23 10 34 17 1 23 31 1 31
10 222 42 7 6
10 233 128 24 119 87 24 1 6
10 240 73 93 70 58 21 11 18 11 73 10 35 42 31 58 56 11 14 2 17 12 19 1 12 17 29 4 1 3 8 64 100 8 35 76 1 26 7 13 122 5 34
10 251 16 83 16 24 20
10 252 5 24 76 2 54 1 20 27 34 60 6 3 105 58 8 8 35 12 78
10 262 29 1 5 16 95 4 14 4 58 29 30 2 17 19 41 5 3 42 10 108 25 9 65 1 32 3 90 8 63 45 23 1 38 35 60 41 4 2 4 8 17
10 267 68 27 33 17 2 37 24 28 39 40 215 14 19 17 5 75 46
10 282 9 59 24 19 12 15 54 58 22 19 6 3 46 4 128 78 22 44 47
10 305 102 85 7 34 3 4 51 20 59
10 306 34
10 314 9 87 136 2 18 2 154 4 14 11 75 14 10 2 60
10 316 5 57 19 5 87 19 64 20 64 10 39 13 35 34 24 11 104
10 361 98 28 23 13 6 21 10 4 10 57 152 7 74 91 30
10 365 15 67 19
10 374 104 34 13 94 1 28 103 1 38 17 159 52 88 9 3
10 382 25 80 113
10 395 69 77 13 7 99 5 31 40 33 6 80 17 29 11 3 10 180 16 103 95 97 4 34
10 408 6 19 130
10 413 93 10 138 23 5 21 6 25 58 1 37 70 170 27 25 37 25 14 1
10 414 82 79 94 20 22 65 44
10 415 2 43 42 67 9 12 31 15 241 12 14 10 94
10 424 8
10 439 46 16 23
10 440 87 13 30 17 78 1 107 36 15 23 94 33 20
10 449 8 40 37 18 52 3 30 10 10 47 6
10 455 158 23 182 4 24 47 3 30 90 5 29 3 67
10 465 86 4 92 28 13 27 3 38 37
10 471 13 58 8 14 110 13 5 47 115 13 29 20 7 3 45 7 43 1 45 2 20 5 24 18 41
10 472 3 56 118 27 22
10 474 25 9 55
10 492 31 6 27
10 504 35
10 521 49 14 50 94 28
10 525 2 49 38
10 526 1 5 140
10 542 3 4 108 6 124 2 7 77 118 24 5 44 59 25 153 22 2 15 46 26 1 15 146 6 5 8 100 26 24 33 178 8 216 10 136 6 66
10 550 6 2 32 84 119 10 341 20 43
10 580 30 22 27 19 258 27 13 28 77 8 138 17 13 5 27 8 13 54 21 8 88 14 33
10 581 7 60 22
10 583 32 22 79 17 31 1 32 7 98 24 51 20 15 73 135
10 588 32 14 15 11 38
10 600 119 18 228
10 622 84 5 54 6 93
10 629 1 15 62 2 51 30 197
10 633 145 14 20 62 6 3 1
10 635 30
10 640 95
10 650 87 66 217 39 43
10 653 27 26 100 1 131 44 67 13 21 29 23 42 56 4 1 31 2
10 680 27 49 49 28 44 1 176
10 684 72 28 45
10 686 179 33 90 3 42 32 3 17 32 8 298
10 687 178 5 8 30 70 51 35 10 2
10 699 201 39 48
10 712 47 2 66
10 741 2 9 23
10 747 60
10 749 102 17 58 12 14 4 61 22 38 29 84 18 20 3 136 24 75 68 175 13 65
10 750 12 27 183
10 772 37 11 52 70 67 22 9 50 41 51 28 7 15 17 45 7 2
10 781 39 1 35 1 14 12 15 23 42 42 127 15 12
10 786 9 12 3 30 116 18 56 1 39 33 53 21 139 9 52 36 94 69 15 9 5 37 156 23 95 8 72
10 789 31 25 2 12 39 13 19 1 175 14 48 15 42 35 26 32 22 30 12 24 27 33 35 28 109 25 7 4 84 11 155
10 818 48 5 19 3 50 128 32 6 45 3 27 20 7
10 825 34 15 10
10 844 89 74 41 79 169 27 3 9 54 7 5
10 845 34 24 206
10 871 47 2 56 24 2 31 4
10 894 17 16 31 1 48
10 899 111 6 33
10 904 143 53 129 43 3 16 47 18 11 44 69 101 42 3 30
10 911 12 6 10 5 62 11 22 5 81 48 51 11 21 55 30 1 32 57 7 106 28 17 105 164 32
10 916 143 21 80 25 8 6 179 2 7 20 50 47 73
10 925 13
10 930 69 61 81 20 58 11 337 9 8 26 24
10 951 5 12 40 40 113 23 80 22 166
10 955 1 3 29 7 74
10 977 15 63 14 103 41 43 59
10 980 40 14 38 9 115 16 65 12 60 2 13 2 37 4 60
10 989 31 10 38 57 50 72 7 35 252 6 7 10 10 11 30
10 994 105 49 67 30 38 3 30 31 7 193 3 13 42 13 54 15 6 26 9
10 1000 11
10 1001 128 6 38 54 21 2 80
10 1003 8 35 84 12 5
10 1016 45 5 42 102 130
10 1034 45 54 12
