10 0 76 76 56 167 5
10 1 110 8 74 31 53 3 53 4 193 1 48 50 74 40 7 4 19 31 5
10 22 105 54 34 3 11 39 10 14 29 42 22 23 115 7 59 1 29 44 83 20 101 19 49 10 26 20 63 10 66
10 25 42 1 55 42 13 24 24 59 95 14 1 40 33
10 27 19 9 27 23 114 34 98 15 26 1 91 2 122
10 37 52 10 68 30 16 39 19 16 121 55 28 67 26 8 55 5 205 24 83 95 5 6 212 18 86 17 67
10 55 27 8 131 38 8
10 70 3 9 5 27 15
10 76 18 45 45 11 26
10 84 83 14 54 1 4 50 74 42 15 19 52 19 6 13 5 1 91 118 3 15 37 29 25
10 92 26 66 232 32 23 13 6 50 34 12 70 20 73 27 10 18 109
10 112 210 8 1 78 52 10 34 12 23 3 19 5 74
10 114 141
10 118 119 27 87 1 49 36 21 11 3 23 4 3 1 8 23 66 108 1 31 19 47 6 240 2 164 15 42 48 125
10 127 19 13 29
10 134 168 18 64 42 121 75 63 88 45 139 4 24 64 4 98 4 46 12 23 9 53 12 10 38 55 4 13 23 7
10 137 10 10 142 15 27 113 122 18 24
10 139 4 22 8 2 62 13 144
10 144 9 19 42 70 54 6 16 6 19 55 111 3 12 11 4 3 62 19 4 51 47 7 24 14 21 26 31 66 67 56 48 7 5 12 62
10 150 160 2 82 7 17 24 14
10 151 89 60 8
10 156 5 67 80
10 163 21 3 39 18 18 7 26 19 8 30 7 14 91
10 196 43 13 22 23 66 31 71
10 202 57 1 46 73 19
10 228 19 28 27 27 60
10 232 7 93 1 120 33 130 22 18 90 59 218 15 27 14 62 5 97 58 140
10 242 68 18 24 36 47
10 253 18 24 84
10 270 103 2 20 62 18
10 280 20 55 52 9 19
10 284 87 3 38 13 4 6 27 10 21
10 290 127 4 21 56 63 29 30 20 57 3 13 16 31 17 84
10 307 31 22 61 20 53 14 13
10 315 40 93 12 4 7 20 28 72 25 33 60 4 143 5 3 2 30 11 20
10 320 34 16 88 5 73 53 156 9 30 7 167 66 15
10 326 128 55 84 40 56 4 29 13 28 41 133 33 43 7 31 7 10 53 6 21 33 16 27 18 49 13 55 39 46
10 342 20 18 15 34 91 44 28 5 47 30 52 40 88 27 135 14 6
10 368 100 5 34 56 163 78 19 15 49 7 137 1 66 16 12 8 65 1 13 90 9 41 219 22 14 3 251 5 13
10 385 48 1 94 2 32 21 30 5 56 16 22 45 78 160 3
10 396 66 16 24
10 399 64 78 205
10 405 65 91 3 3 24 111 63 5 43 94 13
10 456 167 8 6 11 110 55 30 62 51
10 461 58 73 31 38 126 32 119 88 43 33 3 10 1 28 77 48 56 1 102 10 282 1 60 48 49 5 76 38 3 32 4 36 24 29 60 11 23 14 103 73 101 1 53 19 27 35 4 65 30
10 471 86 12 84 14 2 131 42 15 167
10 481 10 94 64 22 36 9 52 2 27 7 87
10 503 159
10 524 88 2 63 50 13
10 526 14 18 205 15 63 23 101 43 31 38 198 17 19
10 537 4 33 12 17 4 6 3 7 123 21 27 6 51 26 74 69 31 1 13 8 12 17 50 37 2 11 24 5 58 13 32 51 1 22 48
10 543 103 28 196 18 99 7 28
10 548 69 10 48 66 3 79 56 81 62
10 554 139
10 558 33 29 90 35 41 7 83 17 138
10 568 50 27 7 77 2 1 93
10 575 2 2 135
10 584 61 2 18 26 43
10 599 29 2 57 7 5 8 7
10 600 54 23 37 36 8
10 624 13 10 7 39 113 20 75 2 21 3 30 5 40 11 3 5 246 16 256 2 27 59 66 12 26 7 61
10 625 34 62 11
10 630 33 3 25 23 13 44 71 2 4
10 640 58 11 94
10 643 1 33 118
10 650 36 5 43
10 651 8 3 280 1 15 9 96
10 652 29 27 14 59 1 18 24 8 289 3 4 12 26 9 138 2 21 4 6 20 115 35 4 5 6 41 84 67 134 47 189
10 672 32 11 15
10 673 151
10 685 23 5 155 32 6 60 16 47 45
10 697 39 27 185 83 233 69 26 15 22 19 34
10 715 39 18 6
10 718 113 2 24 1 153 12 27
10 722 54 39 51 24 25 18 59 18 2 49 58 47 64 2 9 14 9 14 1 26 11 2 44 6 12 10 33 26 169 20 52 1 37 21 78 6 97 8 150 2 67
10 755 11
10 759 7 15 48 74 22 23 52 33 80
10 766 10 69 58 1 40 1 105 31 14
10 771 55 52 12 16 161 2 34
10 786 80 9 21 65 23 17 95 3 7 51 29
10 818 40 1 90 52 59
10 823 5 10 6 2 15 11 3 51 36 9 68
10 832 18 31 17 74 30
10 833 17 31 11 110 17 2 58
10 834 25 3 188 12 107
10 843 65
10 844 189 21 17 10 8 1 32 39 73 6 2 3 49 9 133 21 40 40 50 10 51 2 125 1 44 12 35 3 44 53 36 5 32 19 23 2 104 12 51 27 65 1 101 29 25 7 104 10 46 59 115 14 8 19 15 13 15
10 849 78 22 46 2 16 33 55 18 54 70 15 17 39
10 850 50 70 34 11 121 10 85
10 854 22 25 72 56 101 49 56 2 13 8 24 2 52 5 21
10 858 111 26 145
10 876 23 23 17 3 39 91 41 48 34
10 907 89 26 27 30 4 13 198 86 12 65 135
10 910 17 11 14
10 931 222
10 950 32 11 3 3 1 11 84 22 49
10 953 3 50 25 24 41 19 26 18 35 60 102 7 82 8 74 17 8 4 41
10 962 17 49 134
10 965 67 6 32 46 14 15 10 17 29 4 40 27 38 25 93 3 5
10 977 111 59 10 37 190 41 43 1 62 28 48 11 205 17 10 10 146 25 6 53 45 25 8 17 88 55 24 45 40
