10 0 1 13 86 17 2 21 22 26 4 20 45
10 18 2 14 15 21 24 1 25 34 273 13 11
10 25 8
10 26 28
10 30 32 74 33
10 59 18 46 61 19 13 26 25 8 253 169 40 73 49 21 28 1 41
10 70 23 1 34 1 77
10 91 20 1 78
10 100 52 34 17 11 402 27 100 1 34 9 73 2 12
10 105 39 6 79 48 116 22 28 1 5 30 29
10 132 10 25 78
10 142 30 28 146 4 4 3 1 25 15 61 52 27 109
10 155 43 6 117
10 162 1 14 71 17 19 81 62 17 32
10 169 42 88 12 46 25 16 11 7 135 6 42 29 92 12 82
10 187 1 29 11 5 67 38 44 11 14 11 264 21 18 66 84 2 30 17 66 27 28 11 11 6 6 14 55
10 193 28 9 83 1 34 12 67 69 1 10 35 37 78
10 197 86 5 26 35 38 27 41 1 89 24 15
10 206 47 93 1 33 23
10 218 36 8 12 9 27 23 19
10 229 94 45 24 27 130 4 32 17 4 16 102 6 89 6 218 3 67 2 92 13 52 1 28 21 13 27 1 31 32 8 22
10 238 41
10 249 141
10 273 44
10 274 7
10 285 5
10 290 22 27 43
10 300 65 11 42 36 128 37 53 9 3 9 35
10 318 10 14 109 67 19 36 108 2 114 12 83 7 3 2 33 18 202 9 72 12 7
10 330 4 25 9 48 1 40 6 11 34 8 26 15 6 20 32 7 119 8 1 48 37 43 74 18 7 24 176 1 9 64 15 22 171
10 333 85 10 154 4 14 6 14 28 39 17 26 42 40 49 18 9 84 2 36 7 19 43 27
10 392 27 35 15
10 397 18 9 55 24 183 5 47 25 3
10 420 32 2 163 112 17 16 89 13 96
10 431 41
10 440 213 29 28
10 450 286 12 24
10 471 3 12 41 60 98 33 3 35 166 68 71 13 11
10 503 13
10 513 46 13 43 34 20 11 36 6 47 1 4 7 43 13 28 13 30 28 12 20 83 70 44 29 47 23 157 7 75 18 70 9 73 7 141
10 519 54 15 31
10 530 26
10 545 24 21 89 30 37
10 555 8
10 557 32
10 609 24 36 15 41 30 36 15 76 201 64 102
10 610 41 29 38
10 611 14 2 3 67 15
10 615 53 13 10 16 40
10 619 140 22 60 3 202 25 2 4 29 40 168 23 3 43 40 1 14 24 37 1 9 24 69 60 26 47 50
10 623 224 18 62 12 20
10 626 1 19 42 44 56
10 637 27 8 5 47 6
10 638 40 27 1 71 16 14 39 7 23 27 30
10 654 188 10 3 9 12 6 101 44 13 19 74 10 17 55 210
10 655 106 10 58 40 1 53 30 28 17 5 66 50 53 72 3 6 41 12 76 17 117 27 33 72 28
10 658 83 3 15 16 138 23 2 1 72 21 13 44 9 74 3
10 664 118 11 48 15 3 32 28 22 76 19 18 9 53 6 57 3 3 14 8
10 683 17 76 36 60 83 11 51 101 22 11 45
10 686 43 68 49 145 215 31 326 5 100 60 258 15 8
10 706 69 7 266 49 13 49 5 15 3 8 95 32 98
10 708 6 13 56 7 57
10 712 12 17 104 21 47
10 721 118 27 1 11 53 6 169 72 15
10 722 44 3 33 9 9
10 723 30 11 26 40 14 155 25
10 730 23 33 35 54 7 15 155
10 739 21
10 751 59 1 132 36 16 2 26
10 757 4 18 127 98 26 60 11 3 106 41 24 76 6 12 11 57 98 6 14 33 44 2 12 10 1 13 78 14 52
10 762 19 6 8
10 765 7 20 95 36 66 6 59 42 38 7 6
10 776 26
10 815 123
10 839 2 33 72 25 14
10 854 33 15 5 33 60
10 865 80 33 6
10 871 34
10 897 14 11 59 26 14 5 29 2 11 13 9
10 899 34 23 61 22 26 25 29
10 900 33 59 23 19 22 13 8 48 28 15 80
10 902 14 12 15 25 11 47 41 20 41 35 2 68 97 22 50 41 66 7 142 14 183 12 31 149 2 61 62 25 143 60 41 2 110 2 89 4 32
10 903 89 60 3 7 38 48 133 20 164 45 64
10 906 75 14 60 20 56 18 114 16 55 36 115 25 91 6 24 16 80 5 73 8 87 8 48 75 46
10 907 28 47 6 5 100 64 92 7 9
10 914 32 19 12 25 80 31 4
10 926 21 40 151
10 933 1
10 944 72
10 950 42 10 11 18 2 10 102 10 111 46 198 2 14 24 55 72 9 24 43 42 36 60 5 42 36
10 970 30 14 37 45 15 11 21 1 47 27 7 9 54 19 61 48 12 22 91 5 60 10 147 36 10 14 41
10 1006 52 1 2 3 52 104 11 25 67 39 70 19 1 6 68 38 47 19 14
10 1014 162 17 1 27 67 8 14 54 70 13 10 12 6 7 63 32 43 16 16 2 70
10 1028 12 54 32 3 2 23 96 25 244 1 2 1 27 39 114 24 61 6 31 4 1 4 14 33 15 3 76 7 38 28 29
10 1050 7 25 239 1 59
10 1058 30
10 1059 293
10 1064 86 3 44 9 15 4 22 3 8 9 64 35 20 2 24
10 1074 64
10 1075 48
