10 0 114 4 16 66 55 22 20 4 61 1 21
10 14 18 6 36
10 15 5 5 22
10 22 16 17 24 13 22 29 9 26 12 21 57
10 26 56 13 24 27 41
10 37 63
10 46 37 29 17 10 25 23 17 8 82 80 174 28 36 14 53 10 10 10 35 30 21 67 26 33 108 2 30 2 49 85 2 1 44
10 63 61 76 13 8 3 10 29 9 62
10 65 62 3 5
10 68 62 91 34 15 3 8 1
10 84 55 65 88 56 9 23 88 2 1 17 68 21 38 4 32 23 35 21 5 6 53 83 79 4 33 2 116 8 33
10 98 107 105 175 51 129 66 17 8 30 7 5 32 140 4 5 18 28 5 35 1 63 23 8 13 27 8 9 5 13 3 13 4 30 83 28 41 14 6 58 10 4 88 62 48 94 22 31
10 104 23 9 58 7 21 16 22
10 115 7 21 14 11 54 43 71 31 16
10 117 120
10 118 19 19 3
10 131 68 2 83 17 4 8 58 21 55 34 21 23 107 46 51 128 43 9 93 9 114 3 49 11 111 68 1 4 109 4 121 8 7 16 17 16 33 10 24 14 40 17 73 115 28 23 24 24 213 34 111 72 102
10 138 19 10 88 27 34
10 155 14 3 5 1 30 15 51 36 74 16 18
10 163 24 15 13
10 164 34 1 79 28 147 25 65 2 33 21 22 12 163 17 61 56 26 17 2 28 38
10 173 64 64 27 56 13 25 42
10 183 123 31 16
10 184 84 14 115
10 185 4 32 17 10 50 14 3 16 16 65 11 64 23 72 65
10 198 37 5 2 5 207
10 199 121 28 26 22 26 39 86
10 201 80 28 16 25 11 10 46 16 17 5 24 10 40 6 15 67 62 1 47 16 9 7 70
10 215 98 45 36 24 13 23 34 37 94
10 224 3 1 40 72 114 11 8 38 46 2 12 4 116 18 131 12 116 15 48
10 228 1 5 156 59 2 10 60
10 233 52 52 19 4 39 5 10 29 139
10 234 64 16 49 9 153 32 8
10 238 58 26 38 45 35
10 254 104 15 73 38 114 29 95 45 42 1 6 5 55 6 63 20 102 26 41 58 88 15 131 26 50 20 15 125 45 5 99 3 10 4 108 10 254 13 41 24 10 23 97 7 45 25 118 34 17 74 25 17 157 6 9 20 30 45 13 39 93 1 106 50 48 8 31 30 115 9 62
10 256 10 19 85 11 6 14 82
10 268 44 39 3 55 7 8 124 4 57 3 79 78 127 52 114 17 32 66 66 35 119 105 25 16 25 34 23 33 37 17 44 71 36 64 34
10 288 21 20 187 25 111 56 43 2 62
10 298 1 28 105 133 7 51 47 27 13 17 87 4 78 32 174
10 311 8 10 14 6 29 23 7 1 4 26 13 14 90
10 314 8 17 49
10 319 18 2 16 107 100 3 9
10 324 3 53 15 33 40 19 8 16 67
10 325 49 32 9
10 326 54 32 115 16 3 162 93
10 327 32 28 117 15 44 26 22 86 8 18 15 26 2
10 348 2 18 33 4 16 1 16
10 357 2 30 261
10 361 107 38 35
10 367 210 1 22 22 88
10 372 3 85 19 28 50 12 3
10 385 48 17 46 9 147 16 29 42 105 20 15 28 54 16 88 62 14 4 76 34 100 6 59 42 40
10 389 54 30 20 14 29 16 35 28 12
10 401 121 7 51
10 411 90 15 43 9 4
10 417 14 55 8
10 447 49 1 92 29 70
10 448 42 4 73 13 22 3 4 30 7 36 6 67 25 17 127
10 449 74
10 504 142 1 364 34 131 42 163
10 512 69 52 165 7 36 35 47 18 103 7 163 17 16 8 44
10 518 37 19 58 5 28 1 4 14 82 3 15
10 559 59 1 201
10 567 67 6 48 14 32 69 13 48 42 9 13
10 576 37
10 582 44 72 128 4 6 39 27 2 22
10 587 96 12 27 24 32
10 603 35 50 307
10 624 105
10 647 60 2 68 26 74 17 7 83 24 38 25 1 235
10 659 46 4 45 51 148
10 662 158 5 72 43 36
10 674 12 50 49 17 31 20 28 76 70
10 677 35 2 1 35 5 40 15 24 2 53 87 2 67
10 685 147
10 689 38 42 44 12 81 74 17
10 691 48
10 694 7
10 700 38 54 44 59 53 12 29 7 6 4 46 1 11 25 10 9 170
10 711 55 11 24 35 85 10 18
10 713 69 18 34 6 41 2 16
10 717 53 5 99 2 113 82 10 7 22 14 13 6 21 21 39 24 13
10 719 65 52 45
10 738 186 9 17 27 20 8 12
10 741 16
10 744 16
10 746 96 62 1 4 113
10 759 51 50 43 29 13 55 11
10 764 12 109 11 19 15 3 38 17 27 5 17 1 25 27 34
10 775 24 20 12 134 25
10 801 43 16 23 32 45
10 803 2 6 61 20 18 29 31 20 26 3 39 34 52 6 8 10 141 14 58
10 812 192 1 41 41 3 143 40 4 12
10 814 15 28 62 5 93 9 36 24 43 107 216 14 7 13 5
10 818 35 1 65
10 831 22 118 19 32 3 19 3
10 838 33 2 116 64 15
10 886 148 13 18 61 16 34 119 71 4 9 26 19 24 48 32 23 68 7 35 18 7 36 84 43 59 34 30 2 82
10 903 136
10 916 41 28 53 15 106 27 1 1 57 10 17 23 142 36 28 3 8 30 28 1 17 22 111 9 22 28 74 58 10 16 13
