10 0 10 29 44 46 3 31 19 30 1 14 29 10 9 33 79 7 61
10 21 41 76 10 8 1
10 26 26 5 63
10 40 2 8 173 8 88 19 33 9 5 13 4 26 40 78 6 15 50 33 22 49 78 182 13 48 15
10 70 40 52 35 4 61
10 84 18 5 43 25 20 20 13 20 15 1 61
10 85 91 1 2
10 110 1 10 38 14 247 1 14 39 140 18 35 18 56 2 14 9 96 17 48 2 9 37 61 1 87 39 36 31 116 49 6 43 10
10 112 13 30 5 19 20
10 117 55 23 9 8 1
10 121 21 3 14 3 37 32 185 1 56 67 20 7 3 7 13 42 39
10 122 14 1 48 14 12 7 17 24 17 35 26 9 9
10 129 105 8 90 13 11 20 53 18 34
10 132 91 17 22 17 34 40 25
10 147 188 4 2 22 73 9 4 3 9
10 170 31 26 97
10 172 10 54 196 7 47 47 28 13 66 31 21 11 69 18 30 44 33 12 25 5 78 19 1 5 22 73 3 39 40 26 26 27 8 16 47 14 10
10 181 33 6 6 7 3 17 41
10 195 5 12 33 8 99 44 1 33 16 3 26
10 219 22 75 72 36 21 34 25 14 66 29 3 39 9
10 230 33 11 33 5 175 89 15 39 148
10 246 3 157 12 1 33 11 59 7 123 6 7 29 33 5 103 4 12 44 9 23 42 55 121
10 252 3 7 112
10 256 13 4 63
10 270 1 22 14 10 16 26 18 14 118 6 5 5 208
10 273 61 24 9 14 28 1 57 40 5 19 19 11 5 3 12 10 10 58 39 6 20 22 26 5 9 14 68 184 55
10 278 78 18 63 20 43 1 51 16 22 31 9 3 37 43 17 21 45
10 286 37 1 63 4 48 48 34
10 298 50 5 56 78 55
10 304 47 6 3 7 12 75 65
10 310 68 14 39 15 8 29 5 68 68 12 283 1 30 35 57 94 32 9 26 10 19 64 23 7 9 30 23
10 319 170 20 26 55 16
10 323 161 6 12 10 242 3 88 5 14 30 33 3 148 76 302
10 330 26 69 139 7 35 10 9 30 17 100 16 21 14 1 183 4 45 32 40 23 189 60 16 9 4 4 45 48 3 16 34 19 16 30 36 15 35 28 93 24 62
10 338 7 91 146 12 75 9 13
10 344 3 9 17
10 348 168 33 181
10 362 93 2 115 26 9
10 368 3 20 56 51 39 7 3 13 24
10 370 12 8 2 15 4 8 11
10 380 3 19 2 25 156 3 57 83 97 34 56 2 14 23 140 23 94
10 384 34 4 49 4 58 15 25 6 56 57 37
10 386 20 55 86
10 410 10 2 2
10 414 18 6 32 33 6 39 35
10 420 32 4 134 1 58 4 77 7 62 5 13 8 54 55 9 26 20 42 7 8 23 27 68 21 33
10 425 43 26 13 17 6 63 123 4 24 10 5 24 5 48 198 32 14 2 48 36 140 22 19 11 20 1 16
10 435 44 24 35
10 460 34 3 234 14 2 17 11 13 37 36 18 17 54 4 10 28 160 7 14 21 56 10 6
10 463 56 19 81
10 468 22 28 1 21 89
10 469 6 11 44 11 31
10 483 45 1 37 7 4 11 18 24 19 13 16 25 47 13 1 36 2
10 503 5 15 39 15 71 35 27 14 26 39 33 19 166 6 145 15 52 3 62 17 18
10 540 55 41 56 61 101 12 27 53 4
10 545 60 31 3 5 104 15 77 1 36 6 11
10 559 59 23 79
10 566 34 15 100 55 48
10 572 20 1 47 110 83
10 577 164 45 7 19 2 7 75 11 93
10 578 34 36 39 25 20 37 12 13 19
10 579 127 32 2 47 12 9 25 25 10 28 10 75 23 1 65 42 29 8 15 14 3 54 21
10 584 23
10 611 3 1 75
10 612 11 6 2 2 3 3 70 8 82 61 91 25 100 23 320 3 11 4 70 21 237 36 56 102 31 24 60 1 58 8 22 30 24 23 118 19 83 13 10 38 31 21 220 22 57 45 35 35 6 65 3 33 140 6 76 6 39 14 1 5 96
10 617 95 25 8 11 27 31 29
10 624 78
10 647 12 4 10 1 82 25 80 32 15 27 4 62 140
10 653 68 2 42 25 35 9 48 6 78 1 8 9 17 15 88 24 42 25 87
10 664 259 7 34
10 670 45 24 115 58 103
10 673 9 68 57 36 1 9 10 10 78
10 674 35
10 677 14
10 679 19 21 64 24 99
10 681 50 23 56 13 110 57 18
10 691 94 31 70 6 247 8 62 10 41 10 6 67 10 6 116 15 39 9 45
10 700 33 3 68 3 68 24 52 13 11 14 7 110 7 12 11 43 34 3 47 21 90 26 59 28 5 22 21
10 703 117 60 63 59 142 5 53
10 709 93 66 3 12 12
10 714 51
10 718 233 19 30 1 31 18 13 53 11 55 22 71 41 1 10 1 143
10 737 26 13 25 12 15
10 752 33
10 765 60 91 24
10 766 17 3 21 35 67 83 12 9 104
10 769 73 6 14 26 64 30 10 13 45 45 50 9 60
10 798 33 6 42 10 17 48 7
10 803 16 59 139 13 12 15 89 29 14 31 135 10 170 3 47 2 6 9 26
10 804 14 61 20
10 810 24 48 93 33 82 33 6 6 131 70 28 9 29 91 7 15 26
10 820 106 22 106
10 824 88 3 23
10 828 113 3 48
10 837 16 6 20 4 11
10 847 31 18 4 12 95 4 7 1 25 4 20
10 858 14 6 11 32 118 18 8 32 40 8 9 2 66 28 50 28 5 13 149
10 867 327 14 22 22 41 33 103 22 45 1 15 46 40 4 10 7 137 11 17 50 4 32 114 14 11 18 31
10 872 6 33 37 4 60
10 879 10 43 6 13 16 37 56 98 150
