10 0 35 2 42 3 26
10 44 8 84 22 17 17 64 254 53 50 5 85 11 25 35 3 43 67 45 292
10 56 57 2 44
10 58 133 123 55 32 31 15 21 2 89 8 33 22 29 31 45 121 28 29 40 25 87
10 63 15 19 127 28 38
10 70 98
10 84 81 3 20 16 120 50 93 25 48 7 85 2 20
10 92 30 44 213 12 27
10 103 31 17 20 75 36 2 108 10 113 18 131 141 97
10 112 90 32 82
10 131 36 13 35 10 21 5 173 26 71 25 7 33 3 9 17 64 50
10 133 2 6 46 6 6
10 144 37 71 219 66 26 21 24 19 25 62 74 78 16 4 54 3 2 51 24 17 28 2 65 4 43
10 155 14 1 28 88 141 8 39 4 33
10 182 41 7 32 8 177 35 55 67 16 13 114 26 156
10 189 15 5 1 88 35 33 5
10 198 69 52 28 2 25 26 2
10 204 14 81 68 52 128 1 101 14 27 3 28 3 8 76 7 40 14 29 2 25 14 8 13 22 19 55 33 13 17 40 141 17 53 12 76
10 209 31 38 7 62 169 4 86 13 4
10 210 18 17 62 31 23 16 5 5 99 54 25 9 10 11 11 74 101 7 49 37 45 56 32 21 21 9 11 90 6 50 77 11 123 18 37 4 9 5 122 27 93 22 110 84 41 8 16 2 35 8 39 53 54 92 124 3 137 46 70 26 194 25 16 86 11 12 9 61 4 11 71 35 37 44 3 25 78 65 20 68 62
10 214 90 25 7 30 54 3 16 6 70 10 43
10 228 149 27 43 2 5 5 50 8 38 4 33
10 234 22 35 57 28 42 29 39
10 254 59 13 107 8 90 1 10 30 12 9 30 26 65 96 5
10 258 88 25 125 6 58 11 6
10 268 26
10 278 28
10 284 3 16 203 48 125 3 65 160 30 19 12 4 58 11 11 10 19 69 54 2 66 62 26
10 336 92 38 2 4 19 44 66 12 10 29 9 44 99
10 355 15 8 15 37 102 57 27 10 27 3 60 21 30 20 4 124 180 3 74 27 150 14 16
10 357 23 8 8
10 359 9 24 30 3 28 10 49 30 50
10 360 23 24 53 5 45 14 8 27 61
10 379 176
10 397 19 14 1 20 78 19 53 39 55 18 54 2 40 90 43
10 440 7 2 55 74 4 27 26 18 94 75 42 2 21 29 24 6 98
10 455 36
10 549 4 15 47 1 149
10 561 106 8 38 8 81 23 1 29 15 12 144 28 45 59 39 20 69 17 24 38 40 30 61 13 12 1 112 56 24 12 13 23 23 23 58 77 52 34 4
10 565 65 13 110 28 15
10 584 66 13 134 34 167
10 596 93 8 15 4 135 48 42 10 2 15 27 61 11 28 36 1 59 55 2 26 45
10 597 9 62 1 64 85 4 107 8 71
10 598 2 11 39 49 27 18 72 22 46 2 16 27 8 34 61 8 9
10 599 13 44 239 41 7
10 606 11 39 5 29 3 24 66 67 65 12 14 3 110 3 65 4 119 2 50 17 44
10 623 13 48 97
10 626 3
10 633 54 6 12 61 11 11 11 12 171 1 59
10 643 14
10 657 10
10 661 135 30 15 4 18 42 18 23 39
10 663 6
10 672 93 2 184 76 118
10 679 78 53 19 73 31
10 685 113 21 85 9 30 1 108 36 36 1 2 22 271 41 6 22 38 4 2 10 74
10 687 15 12 137 23 7 23 18 47 47 62 33
10 711 66 20 82 4 6 11 124 9 62
10 720 2
10 731 67 33 111 11 34 24 15 10 9
10 736 13 9 10 15 41 43 22 15 14 21 28 4 141 5 4 24 29
10 740 11 24 16 3 7 5 159 11 4 23 46 22 24 42 56
10 754 130 109 7 21 86 10 23 22 23 34 126 19 7
10 797 30 49 57 19 68 4 17 23 15 52 32 94 85 29 23 2 38 13 51 23 95 27 23 76 47 8 194 20 72 9 27 3 12 41 31 3 11 9 81 18 110 21 48 6 65 2 27 43 20 80 11 35 43 2 5 19 45
10 804 55 40 275 34 18
10 806 34 29 80 3 29 13 3 22 10 13 89 37 44 2 62 15 4 4 31
10 850 1 30 80 7 42 12 10 22 127 25 47 8 4 82 1
10 852 29 30 85 13 58 17 53 4 7 20 133 3 110 33 5 14 50 33 338 49 63 149 73
10 862 9
10 867 30 16 7 53 15
10 871 51 3 4 69 4
10 872 19 12 25 3 34 23 49 85 155 23 7 16 4
10 882 15 46 31 77 102 3 66 10 11 7 21
10 886 6 64 47 6 27 27 19 14 14 11 53 3 42 17 60 4 3
10 897 31 42 8 146 4 33 7 13 76
10 919 13 40 11 16 15 24 11 28 94 6 31 21 153 32 67 19 21 8 17 35 19 9 2 79 167 72 9 3 102
10 956 38 45 16 63 11 5 3 27 28
10 968 54 45 75
10 970 66
10 971 75 118 62
10 981 64 16 17 6 240
10 990 26 11 26 53 12 18 78 33 33 29 158
10 995 9 11 47 1 13 27 23 22 70 17 54 30 3 56 113
10 998 1
10 1009 19 30 173 89 9 37 82 37 54 2 16
10 1010 7 11 75 19 5 8 64 85 5 4 26 9 19 2 19 26 33 5 41 47 22 100 11 83 18 2 10 2 35 18 91 22 20 49 24 2 106 10 28
10 1016 53 156 39 18 1 5 50 73 72 20 25 2 56 4 74 46 102 6 16
10 1046 47 8 47 65 49 1 17 43 29 51 32
10 1051 5 9 210 66 2 42 101 4 24 95 36 90 51 2 31 35 104 31 18 54 32 3 21 38 23 32 25
10 1055 46 1 53 1 10 6 56 50 383 25 96 13 18 14 39 9 221
10 1056 25 15 61 1 50
10 1077 34 5 56 31 45 20 53 41 19 1 9
10 1081 37 13 2 1 44
10 1093 21 50 32
10 1100 13 2 13 7 30 8 50 57 6 24 58 11 8 25 134 6 37 39 6 32 9 12 24 4 23 3 6 55 78 43 120 9 126
10 1112 1 15 204 19 1 9 21 29 13
10 1117 90 4 4 19 6 10 20 38 122 12 20 38 36 7 4 38 98
10 1129 1 20 51 30 61 2 22 9 32 4 88 24 94
10 1135 124 12 1
10 1157 140 31 24 11 22 13 67 28 57 6 10 1 36 8 3
