10 0 14 8 59 9 59 11 142
10 15 154 46 15 10 8 22 67 14 14 87 21 42 10 13 9 3 333 3 3 42 137
10 31 70 4 75 1 153 49 5
10 56 24 6 133 45 53 6 9
10 63 10
10 72 93 73 28 6 5 35 46 33 170 43 17 7 34
10 94 34 130 7 47 8
10 102 30 26 4 4 70 23 77 35 6 21 57 40 2 43 33 4 58
10 113 17 34 2 11 87
10 136 74 11 16 17 30 16 4
10 172 88
10 178 27 5 43
10 179 81 3 1
10 181 63 8 81 18 30 12 18
10 186 7 24 64 115 130
10 208 35 7 17 18 1
10 216 78 10 54 14 10 147 49 17 136
10 219 42 6 14 55 40 4 22 33 7 9 1
10 225 12 25 180
10 238 21 8 7 9 11 34 2 56 85 5 62
10 252 60 34 55 24 57 2 134 35 17
10 264 76
10 282 3 23 64 84 150 23 27
10 287 20 49 11 18 24 53 2 37 7
10 295 46 7 26 2 15 12 8
10 296 16 8 41 4 6 3 15 24 98 25 95
10 322 13 23 2 11 12 5 69 38 33 19 4 19 74 40 59
10 327 112 6 11 4 109 11 175
10 338 5 38 96 61 13 13 83 68 15 23 21 3 58 16 5 34 129 49 10 15 10 23 173 26 65 18 231
10 341 101 26 68 6 46 5 18 7 68 36 82 5 107 2 64 4 44 11 12 6 36 26 20
10 358 21 10 116 6 99 8 43 15 55 5 167
10 378 67 22 8 56 84 33 64 60 61
10 383 72 25 185 7 2 15 45 38 152 8 22 12 9 6 11
10 386 23 11 22 29 54 7 87 25 148
10 394 44 32 28 6 6 7 30 92 28 5 43 1 26 9 13
10 397 139 8 146 17 62
10 399 35 2 52 5 179 7 18
10 406 84
10 413 51 2 9 38 95
10 415 3 18 22
10 421 152 1 36 42 50 36 15
10 459 54 6 3 85 41 74 98
10 460 83 11 28 13 42 1 11 29 45
10 481 43
10 485 179 8 208 2 39 52 52 20 68 2 90
10 488 99 31 35 22 35 21 3
10 492 81
10 497 162 36 25 20 36 12 36 32 62 52 42 18 211 71 8 25 46 1 35
10 504 103 13 21 7 11 5 45 55 73 51 68
10 505 58
10 516 123 9 1 59 52 23 15 29 67 2 13 72 1 5 64 29 20 12 22 56 12 15 36 3 25 6 103 20 132
10 518 10
10 523 78 16 30
10 526 38 14 29 34 23 6 3 42 76 99 12 31 17 19 42
10 532 8 18 23 6 9
10 537 122 17 58 2 91 33 207 6 46 36 114 120 1 44 70
10 538 35 26 10 8 21 18 8 18 106 23 5
10 566 30 21 50 11 14 6 22 4 84 44 21 67 19 37 34 1 90 2 1 9 25 24 140 1 77 20 5 48 5 25 6 49 70 15 38 25 43 14 33 23 171
10 575 46 19 22 35 121 53 33 18 68 26 36 1 34 8 74 6 254 10 110 38 11
10 588 1 47 9
10 593 83 4 26 53 22 15 19 5 4
10 612 3 28 49 79 41 21 221 4 44 16 45 4 43 19 31 20 48 43 13 50 51
10 613 22 3 24 12 45 42 16 36 25 8 5 20 56 36 101
10 622 24 16 51 3 90 18 81
10 627 32 33 50
10 640 60 8 8 12 50 41 13
10 646 30 4 7 30 27
10 662 72 34 4
10 666 25 13 191
10 668 10 87 55 10 45
10 669 16 5 60
10 685 3 17 67 20 66
10 706 45 8 65 40 120
10 711 28 8 39 10 52 85 57 3 40 16 25 24 37 17 60
10 717 26 9 44 43 65 248 3 1 8 28 45 26 43 11 18 7 32
10 740 8 9 10 34 11
10 742 46 18 28 12 123 4 46 21 1 40 8
10 746 5 26 40 23 2 1 45 8 50 16 72 1 96 3 117 72 67 42 10 5 13 46 58 56 36
10 759 38 24 105 49 43 6 52 17 14 27 9 35 6
10 778 1 1 26 48 41 42 113 22 29 25 37 30 186 16 10 1 61 17 7 2 15 6 3 12 169
10 803 91 56 63 44 3 60 22 6 55
10 836 34 4 58 4 44 17 106 21 31 20 50 8 29 7 26 37 38 17 1 33 85 3 18 20 54 7 25 15 1 43 17 4 12 7 27 8 210 31 79 2 70 5 8 85 45 41 59 46 49 10 7
10 838 108 6 24 36 32 70 25 22 26 64 200
10 842 114 39 2 32 65 29 3 40 184 14 22
10 863 190
10 865 25 2 66 64 55 12 13 7 18
10 878 22 12 15 14 8 15 1 7 59 12 6 38 5 49 15 11 4 37 127 4 73 78 92 18 110 40 21 49 1 14 7 16 43 33 4 1 27 56 1
10 901 22 15 115
10 910 36 15 15
10 911 38
10 921 31 2 80 6 21 11 16 30 20 27 35
10 930 15 52 35 9 38 8 118 47 13 18 13 5 19 32 44 10 229 21 80 33 123
10 941 26 38 49 17 43 20 64 20 79 11 33
10 954 24 2 45 18 251 34 2 6 21 8 29 42 5 18 48 41 3 11 1 24 15
10 967 25 53 220
10 978 17 63 15 23 61 3 26 32 61 26 220 36 60 14 95 12 6 50 23 17 32 43 31 12 124 25 220 4 7 15 47 17 19 11 8 2 15 43 3
10 981 17 1 43 34 72
10 1009 50 19 8 32 8 15 133 80 8 14 55 25 132 112 2 16 49 13 1 43 39 61 44 24 166 72 20 31 43 19 137 6 36
10 1025 19 7 52 35 20 83 47 15 98 45 9 11 44 16 26 9 85 6 5 4 55 37 35 1 29
10 1032 23 27 132 13 189 117 28 60 49 3 82 2 235 6 19 60 37 28 21 55 79 22 28 2 183 4 30 60 100 18 24
