10 0 16 8 237 92 29 10 149 3 8 1 11 24 8
10 7 152 13 76
10 19 60 7 45
10 39 6 28 57
10 40 162 2 102 16 12 104 36 61 27 60 68
10 68 58 29 43 8 46 17 31 2 15 12 11 66 80
10 90 49
10 92 100 3 9 30 11 48 93 3 35 29 3
10 97 211 57 63 22 13 21 13 14 104 14 141 33 7 41 26 55 49
10 110 7 15 38 35 36 1 76
10 113 66 28 40 221 54 27 81 16 6 12 13
10 131 97 8 32 65 34 32 83 37 10 5 48 14 123 4 6 28 5 16 37 6 71 33 51 24 10 17 49 23 42 15 8 16 162
10 139 5 5 3 21 5 12 62 9 49 18 52 6 57 1 72 1 9 50 37 5 2 115 11 10 114 2 7 55 102 54 32 40 8 47 99 56 77 3 137 6 49 9 128 33 18
10 144 9 55 1 17 99 2 50 6 52 38 45 41 11 10 83 55 31 15 23 4 8 50 54 79 43 4 54
10 154 61 32 11 51 5 60 111 15 37
10 155 73 33 28 33 55 48 36 29 83 13 55
10 160 109 22 100 4 20 9 43 24 98 16 41 11 18 12 16 5 65 25 2
10 166 28 14 18 14 6 3 20
10 171 34
10 172 6 14 77 11 18 7 138 30 23 4 25 17 1 5 26
10 173 8 26 39 9 45 15 289 3 9 60 91 19 10 77 29 30 2
10 176 41 64 54 14 84 42 59
10 178 11
10 215 61 150 66
10 269 8 4 11 28 72 18 41
10 280 12 30 123 62 7 120 26 16 127 5 110 2 45 36 8 12 30 15 56
10 288 93 28 51 24 105
10 289 89 31 82
10 292 64 19 39 11 104 14 34 29 88 103 24 88 32 22 43
10 294 56 5 100 36 31 40 238 9 6 140 32 1 25 5 41 37 77
10 306 2 28 19 19 15
10 307 29 17 9 14 19 65 32 11 19 24 99 14 24
10 320 33 5 8
10 322 15 34 7 31 62 11 167 35 109 18 3 4 66 22 46
10 325 8 22 134
10 326 11 16 6
10 340 10 10 74 15 134
10 355 131 2 1 15 41 16 24 22 74
10 361 11 37 21 23 9 8 87 30 208 11 24 8 25 31 6 49 108 18 108 5 167
10 368 50 4 288 13 31 6 5 95 76 30 9
10 399 25 36 19 22 34 44 72 12 69 33 11 8 14
10 404 20 22 6 4 48
10 408 30 10 215 22 40 1 10 21 39 11 27 30 103 30 4 65 9 22 84 24 11 42 11 2 51 24 9
10 416 119 57 7
10 417 77 9 1 31 15 2 42 8 32
10 420 6 45 18 6 70 20 2 37 13 27 10 47 55 8 56 18 32 37 81 77 183 10 12
10 425 15 3 7 18 4
10 439 16 30 57
10 441 7 5 153 11 32 12 52 9 8 4 71 24 15 39 23 11 1 55 97 15 48
10 458 31
10 494 87 17 84 52 18 57 2 16 63 10 97 10 72 41 92 22 34 24 47 1 5 6 11 12 27 21 39 49 11 17 26 5 166 32 17 1 25 17 13 22 103 38 11 14 129
10 502 84 13 46 19 14 37 38 11 18
10 518 98 61 130 30 20 15 52 20 7 5 3 24 57 35 13 15 5 52 2 42 2 14 104 25 9 25 57 28 88 13 42 15 14 11 1 37 20
10 532 21 18 84 21 88 2 21 65 118 22 4 21 88 23 80 13 3
10 543 11 60 58 3 110 62 38 12 22
10 549 5 1 97 5 9
10 555 95 19 8
10 569 3 7 9 1 35 9 10 2 13 20 28 38 22
10 597 29
10 604 18
10 608 6 52 9
10 619 11 13 30
10 628 27 11 154 8 185 47 49 1 26 3 61 13 10 103 35 64 28 6 54 22 37 7 22
10 645 19 1 2
10 650 15 2 12 2 150 8 26 38 29 22 47
10 664 24 35 141 17 59
10 673 11 3 69 32 19 2 120 56 24 5 38 12 52 8 92 7 11 4 36 67 11
10 678 39 8 1 1 249 12 23 13 20 57 150 2 45 8 17 6 33 26 3 16 117 21 86 23 17 1 172 31 224 15 16 22 37 97 87 10 54
10 687 56 23 132 45 34 8 1
10 688 156 17 23
10 689 25 14 8
10 692 39 87 17 38 12 13 1 92 32 5 22 82 79 4 52 44 83 11 29 1 92 20 2
10 696 11 28 44 3 37
10 718 9 12 49
10 723 503
10 735 1 45 72
10 737 15 50 79 7 106 2 49
10 743 1 35 186 1 172 1 14 16 42 5 73 55 27
10 751 12 17 37 29 13 22 218 8 111 9 13 66 19 23 67 27 87
10 753 26 24 19 24 32 60 7 34 13 16 186 106 14 55 94 17 54 1 19
10 758 174 10 40 31 125
10 767 29 56 12 16 17
10 769 17 2 63 27 65 64 19 5 91 34 110 110 16 9 6 19 50 48 22 20 10 1 32 14 69 38 60
10 774 28 10 39 128 26
10 775 138 23 31 5 10 106 5 3 24 16 206 6 70 53 189
10 797 109
10 803 45 19 34 7 46 6 20 10 12 51 12 37 14 14 44 29 70 3 64 24 52 7 111 12 98 9 20 46 19 6 35 65 69
10 805 24 21 19
10 808 30 45 170 84 13 11 1 6 3
10 809 37 1 58 36 9 3 71 97 28 34 5 18 65 82 61 77 24 4 85 4 52 8 144 20 65 4 42 4 40 3 275 75 41 13 10
10 823 59 10 46 54 8 26 7 32 10 10 27
10 848 26 67 13 9 62 1 130 134 42 39 119 44 23 15 124
10 858 15
10 859 123 1 201 18 110 69 81 47 119 24 41 12 115 20 5 31 17 11 45 4 1 7 64
10 863 47 4 106 5 1
10 870 26 29 50 9 200 53 5 17 32 22 43
10 871 9 37 77 17 99 15 53 4 8
10 889 62 11 10
10 891 182 85 72 29 16
10 896 54 13 28 19 81 3 21 3 30
