10 0 89 33 71
10 3 16 8 13 17 67 62 168 11 71 34 43
10 7 69 17 41 22 92 4 157
10 12 9 13 30 18 43
10 20 154 11 91
10 27 98 21 51 38 15 42 10 7 141
10 42 68 18 52 5 117 105 56 23 26 14 30 37 8 20 8 9 4
10 43 22 13 98 78 22 26 16 15 89 79 5 51 17
10 77 8 27 142 2 61 8 64 2 64 3 81 65 73 2 12 50 6
10 81 2 58 12 65 79 53 106 1 20 21 1 13 97 21 39
10 92 39 54 62 13 197 5 86
10 95 1 125 16 19 82 54 53 30 57 18 6
10 116 7 44 36 11 38 10 14 27 43 3 80 18 37
10 119 59 65 28 18 2 10 60 80 44 23 94 28 12 4 35 28 10
10 122 69
10 151 25 18 253 12 71 41 154 7 119 15 24 9 47 13 16 7 80 41 60 27 11 11 12 8 2 20 59 4 61 26 22 38 13 3 60
10 153 24 24 8
10 156 20 41 9 13 21 4 66 8 131 2 44 51 32 95 39 27 99 18 90 6 16 12 16 32 24 21 37 60 16 18 30
10 165 53 35 26 16 19 5 41 3 1 9 57 26 24 64 9 46 113
10 173 67 9 123 2 46
10 182 50 13 19 1 188 2 4 36 105 70 34 14 41 6 27 14 29 2 129 24 17 82 14 23 36 3 63 11 85 31 15 11 10 15 33 26 5
10 187 38 7 1 51 1 17 138
10 192 13 39 19 12 134 18 20 20 165 15 119 18 11 43 137 27 26 32 12
10 194 81 9 131 13 65 9 13 53 11 19 81 61 1 14 20 21 43 26 123 31 6 4 42
10 196 4 11 27 4 50 27 13
10 201 8 33 17 29 11 1 2 37 71 66 34 22 7 6 27 24 50 4 68 27 25 108 22 4 7 58 37
10 202 26 9 176 33 5 16 68 1 15 54 39
10 204 29 2 47 42 82 80 31 63 15 3 27 4 59 8 47 26 164 3 43 16 11 4 111 7 29 55 11
10 225 18 10 99 20 113 14 109 40 24 66 3 8 156 30 153 27 71 14 21 22 11 10 18 66 124 2 27 30 31 14 30 18 6 3 61
10 241 8 8 58 15 38
10 255 36
10 264 32 41 74
10 270 169 43 11 22 155 24 14 12 7 16 13
10 305 57 41 39 15 31 6 12 38 6
10 324 79 26 20 20 25
10 333 40 12 92
10 345 13 1 82 26 47 12 45 11 31 4 1 10 228
10 358 3 16 38 7 210 77 74 27 15 23 19 40 59 7 39
10 365 4 2 3 23 53 60 22 44 38
10 394 99 51 72 6 33 30 48 36 22 44 204 30 3
10 402 69
10 417 89 27 3 18 23 12 6 4 20 50 50 25 69 18 170
10 431 12 15 58 10 120 13 66 12 96 23 47 136 33
10 433 3 79 9 35 17 16 11 23 14 9 61 2 90 19 37
10 443 41 26 100 3 7 34 42 13 58 14 26
10 444 10 8 89 43 113 1 97 17 26 47 98 3 41
10 445 48 9 63 18 57 3 14 26 5
10 446 48 2 47 1 16
10 448 9 7 5 48 40 4 25 27 314 14 128 27 11 26 33 2 118 17 9 38 5 36 55 51 39 51 44 65 137 8 10 10 5
10 452 30 54 65
10 455 46 62 34 2 21 50 14 53 82
10 465 59 48 41 5 11 12 40 5 220 12 53
10 480 22 56 10 17 27 22 35 47 5 1 118 13 10 3 8 22 3 12 68 95 20 45 92 14 28 5 1
10 481 41 6 8 2 12 7 5 5 2 13 35 16 19 7 91 6 9 17 58 42 57
10 487 1 40 44 67 9 6 60 45 71 6 11 2 23
10 509 58 43 6
10 531 18 28 9 34 6 94 89 14 35 7 45 7 103 67 167 39 14 5 45 13 24 5 6 67 65 2 32 13 3 2 22
10 551 4 4 7 49 28 11 2 46 9
10 570 8 6 30 11 26 74 35
10 607 93 9 63 25 14 54 49 86 11
10 608 43 16 43 26 3 13 44 10 3 14 10 10 40 17 102 2 31 11 43 16 50 7 31 8 30 32 10 57 1 42 41 23 65 71 24 31 40
10 612 30 13 17
10 624 63 4 12 34 52 57 27 65 52 47 15 24 39 1 39 83 128 27 40 28 26 10 63 79 14 2 66 3 161 3 85 33 83
10 632 82 6 3
10 645 4 89 4 41 55 22 38 3 1
10 658 3 28 54 2 86
10 661 173 24 44
10 668 117 16 109
10 705 7 11 114 30 25
10 707 67 23 22
10 722 73 3 3 3 3 14 28 17 7
10 733 63 5 38 10 44 64 5 42 6 11 4 80 25 18 184 29 23 108 81
10 738 42 2 88 6 8 16 128
10 751 15 43 13 5 45 120 35 17 1 54 18 81 5 30 74 117 118 29 7 20 142 20 26 36 18 93 38 27 52 18 65 29 123 8 9 13 56 29 35 4 57 84 22 40 131
10 754 35
10 762 57 12 75 98 74 74 31 33 6 20 30 95 276
10 804 78 90 104 30 7 16 29 51 18 8 16 1 33 1 41 29 8 34 42 62 126
10 811 45 17 152 16 141 10 154
10 819 135 7 18 15 55 20 76
10 825 13 16 22 3 34 17 67 6 24 7 33
10 826 23 5 94 27 31 131 10
10 839 90 69 23 13 7 20 50 29 110 72 52 12 17 20 9
10 840 65 11 27 6 18 14 4 10 6 2 117
10 849 200 33 5 53 53 30 7 19 5 19 30 15 44
10 859 38 22 148 16 188 51 56 55 32
10 860 36 39 21 33 10 2 15 24 9
10 871 49 2 66
10 877 5 41 21 55 105 14 56 17 126 12 32 21 162
10 879 12 6 33 5 81
10 897 8 35 71 88 69
10 920 55 38 28 91 55 11 59 110 13 7 44
10 938 15 24 27
10 963 42 112 2
10 975 7 13 24
10 989 50 46 90 28 50 61 110
10 991 17 100 219 22 69 1 133
10 995 25 67 4 5 30
10 1015 1 18 15 7 10 41 74 11 38 25 4 7 25 5 51 51 29
10 1017 21
10 1023 71 43 13 60 16
