10 0 76 20 161 23 34 44 97 27 217 27 115
10 6 52 15 147 12 4
10 13 67 13 26 20 50 1 70 23 270 44 28 5 24 18 29
10 19 10 80 137 7 108 10 79 23 4 3 3 88 20 30 42 19 37 100 88 14 18 2 25 29 9 52 23 9 95 18 37
10 31 178 98 26 11 29 9 127 4 70 49 55
10 38 8 18 25 21 44 2 1 7 29
10 82 37 25 34 38 32 16 84 16 6 1 127 15 57
10 95 28 50 46 22 20 6 33 36 11 9 35
10 109 45 1 35 46 53 4 20 43 16 8 14 36 20 22 113 9 21 13 133 12 5
10 111 209 55 87 6 16 4 68 17 33 41 49 23 4 3 17 95 11 13 1 1 144 2 104 2 3 4 103 12 16 19 81 32 31 9 123 13 323 30 45 95 215 17 40 30 132 24 26
10 117 240
10 119 39 3 58 48 50
10 126 6 12 13 28 2 42 17 60 40 4 11 9 7 32 179
10 132 87 15 61 8 4 9 12 23 46 26 18 1 35 64 200 9 26 47 10 17 13 10 31 34 15
10 136 148 34 27 36 9 62 9 16 104 118 7 9 59 13 109
10 138 117 22 83 67 9 28 9 5 14 4 4 18 30 105 23 20 5
10 145 134
10 162 33 43 39 72 20 48 10 21 38 16 16 6 36 9 35 40 17 17 10 50 58 22 31 32 52
10 165 116
10 207 6 6 73 11 10 43 138
10 212 90 67 29 42 51
10 215 36 26 106 37 99 5 45 48 70
10 217 7
10 221 7 7 62 18 33 55 22 53 43 24 142 21 33 34 31 65 35 41 118 24 1
10 231 73 15 69 5 52
10 234 132 10 92
10 239 7
10 242 40 70 65
10 277 43 87 9 1 43
10 286 71
10 302 97 15 17
10 313 34 7 15 28 130 33 46 16 5 40 6 49 51
10 319 47 20 29 1 33
10 346 75 13 25 50 135 15 34 4 8
10 357 23 20 35 12 108 20 30 2 115 5 29 16 9
10 359 117 9 100 24 152 67 110 5 42 1 46 39 67 35 81 46 74 22 181 55 53 9 116 13 10 2 47 47 59
10 377 4 35 3 9 5 2 216
10 381 131 12 31
10 382 17
10 383 81 19 63 24 145 44 10 4 39 2 21 6 95 62 2 51 115 38 162 28 41 6 33 150 57 76 1 43 13 3 68 33 10 23 39 62 47 67 36 42 10 42 22 8 67 75 36 7 10 12 120 10 39
10 416 3 18 26 6 5 27 171 10 94 46 56 14 36 24 16 14 24
10 432 28 64 144
10 452 144 17 29 9 20 3 87 4 45
10 458 8 22 116 6 9 20 35 4 27 54 23 18 58 3 6
10 459 15 34 55 10 118 5 33 11 75
10 460 93 32 108
10 464 109 30 14 49 48 3 11 46 102
10 469 31 10 13 46 67 17 7 4 1 27 64 9 73
10 490 14 16 29
10 512 50 30 7
10 524 157 21 26 23 28
10 546 72 34 48 5 13
10 548 9 13 128 19 50
10 555 55 16 37
10 560 69 17 16 5 40 115 25 44 29 48 55 49 10 4 37 4 63 14 99
10 575 3 23 4 3 50 2 8 58 36 22 36
10 576 12 10 6 8 47 1 6 55 12 9 259 15 204
10 584 11 70 74 76 43 37 17 9 9 10 129 34 95
10 595 42 31 25 22 72 2 35 82 57 8 55
10 628 14 15 107 22 57 30 29 15 94
10 630 15 20 21
10 635 13 3 149 7 9 6 69 26 33 26 1 13 8 17 58
10 636 12 25 80 25 67 12 35 20 3 17 6 1 60 72 61 3 54
10 662 7 4 67 6 56 2 123
10 663 165 58 191
10 664 27 12 8 35 124 3 77 15 20 74 2 34 289 5 45 34 30 35 6 10 26 17 70 8 8 54 46
10 682 26 31 36 18 27 27 28 28 13
10 683 1 1 11
10 691 16 11 28 21 17 18 58 15 55 57 32 11 16 35 39 42 46 46 10 20 73 3 33 33 48 3 4 59 8 24 59 13 5
10 695 79 26 92 5 51 32 55 6 6 39 7 19 4 87 146 9 17 3 16 4 148 20 181 6 19 9 23 1 5 17 43 35 15 26 32 3 21 17 52 86 129
10 707 73 9 22
10 712 64 8 61 20 40 109 10
10 720 45 7 114 14 205
10 724 24 10 17 2 5 56 15
10 732 89 19 26 12 100
10 745 23 49 33 64 134 84 192 42 11 14 71
10 751 42 4 25 13 44 46 77 30 34 52 9 5 34 5 137
10 778 28 5 81 4 31 12 86
10 792 49 2 104
10 814 26 65 105 12 145 8 55
10 819 9 7 8 30 22 41 5
10 829 21 9 34
10 842 30
10 843 27 9 53 11 20 27 33 60 136
10 844 17 45 1 4 8 66 41 6 42
10 861 22 7 61 27 90 26 16 27 49 11 14 26 37 15 60 18 8 5 35 63 23 4 77 8 79 8 23 9 33 10 29 26 23
10 878 23
10 885 1 11 53 10 73 70 42
10 887 26 6 9 33 36
10 896 26 18 38 17 75
10 903 6
10 905 46 13 169 1 91
10 929 107 12 50 2 19 29 56 27 37 46 14 94 49 14 53 10 114
10 938 54 3 137 10 61
10 946 5 1 54 94 16 12 103 66 51 5 22 21 156 17 11 5 12 14 124 9 119 17 151
10 948 19 24 45 82 58 8 16 44 96 5 45
10 950 117 24 24 46 4 63 87 17 4 38 125
10 973 48 42 2 8 27 2 63 4 11 30 111 68 20 3 38
10 978 2 113 21 20 134 22 210 35 35 14 34 24 15 9 44 8 35 10 35
10 987 50 21 9 4 18 14 51 7 14 4 26 2 7 15 103 4 69 19 1 5 3 7 10
