10 0 48
10 47 31
10 58 30 10 43 20 95
10 60 112 16 97 14 30 34 54 17 12 2 37 27 45
10 61 39
10 66 39
10 68 16 20 80 19 11 9 45 1 55 4 39 34 56 1 36 18 69 47 18 7 29 87 41
10 80 90 72 117 3 77 6 8 9 127 36 177 3 38 32 115 30 48
10 108 9 26 110 10 31 58 7 15 34 10 103 80 2 2 53
10 115 46 14 181 17 131 8 25 8 160 27 170
10 128 13 17 30
10 130 24
10 151 54
10 155 265 37 94 6 102
10 171 25 30 121
10 182 2 17 29 14 29 38 7 5 22 29 10
10 184 85
10 195 22 25 21 48 6 53 21 14 12
10 209 74 85 9 35 101 28 5 107 17 3 17 19 15 27 240 33 2
10 212 139 24 29 9 21 26 69 23 47 9 66 42 98
10 213 37 4 55 13 105 12 89
10 224 71 124 10 16 3 7 7 14 35 17 119 7 48 49 103 23 42 46 10 31 128 5 5 15 152 9 7 28 89 90 113 7 26
10 227 13 31 7 13 14 11 45
10 231 8 10 14 27 28 16 85 8 79 62 98 31 37 12 79
10 235 28 25 12 38 25 17 116
10 245 8 2 69 43 83 44 37 14 51 26 44 6 20 16 19 20 2
10 248 72
10 256 20 53 9
10 286 81 2 46 119 32 6 16 3 38 38 19 2 33
10 303 86 11 66 21 35 20 65
10 325 51 63 59
10 330 22 7 162 16 39
10 344 28
10 349 14 43 28
10 351 11 8 21 25 12 30 27 67 11 10 20 45 112 168 32 2 141 51 22 13 177 9 8 62 23 17 9 4 1 174 86 48 26 1 7
10 353 3 121 28 43 39 13 219 33 11 24 21 18 12 19 6 42 18 14 36
10 360 11 24 26 1 144 34 8 5 76 19 136 25 16 71 28
10 387 47 17 140 13 3 1 7 12 11 48 142 6 71
10 405 38 13 11 5 166
10 427 8
10 430 12 5 11 39 33 9 10 19 92 17 15 9 92 7 125 10 334 6 63 12 178 10 56 18 79 21 80 60 3 6 86
10 434 56
10 468 3
10 471 43 2 10 23 1 14 87 15 12 3 189 19 4 8 60 40 84 9 8
10 473 80 10 125 35 30 72 11 60 3 48 9
10 484 1 112 40 4 7
10 489 9 53 11 16 34
10 492 89 3 31 11 195 1 28 4 9 36 19 13 21 57 14 108 3 9 40 20 67
10 499 119 2 59 99 15 77 44
10 501 80 4 45 26 7
10 502 265 22 3 27 30 16 20 36 8 40 93
10 509 4 10 11 20 77 16 3 15 8 2 79 26 2 39 25 6 14 3 76 7 9 19 65 4 27 13 128 37 189 33 23 2 15
10 510 49 16 25 77 2 10 11 10 67 14 59 56 27 15 4 26 36 14 97 25 103 41 159
10 511 240 23 27 32 80 7 154 42 28 30 14 23 14 16 15 2 22 7 4 42 14 26 237 18 11 15 50 26 80 3 16 24 11 4 8 12 9 25 60 4 21 11 5
10 514 18 36 33 31 54 40 26 18 26 6 10 43 175 4 100 5 234 33 80 2 9 1 5 46 116
10 518 34
10 525 12 9 162 19 3 6 15 1 40 1 4 9 16 13 16
10 545 60 3 70 9 60 3 26 132 137 3 26 21 15 24 43 18 189 46 52 8 167 54 16 54 104 5 3 4 40 8 4 11 177 11 12 33 32 13 124 11 88 8 135 14 126 6 18 13 104 46 89 21 21 27 20 25 33 5 11 33 12 12 113 7 9 37 69 7 184 23 33 64 10 39 1 50 50
10 550 144 36 6 47 146 148 179 7 3 21 54
10 581 78 68 86 35 12 12 26 7 15 8 18 28 8 24 64 38 59 35 16
10 605 163 5 3 6 65 17 14 22 93 9 6 24 8 6 65 11 7 10 44
10 612 14 21 111
10 632 47 2 91 53 134 22 9 51 21 15 81 16 5 10 26 3 66 15 196 175 8 22 25 50 135 12 24 13 64
10 634 132 7 3
10 661 80 48 17 76 34 5 82 4 38 30 29 3 47 17 45 16 157 44 27 71 16 30 2 70 82
10 682 46 5 35 4 189 38 55 17 48 8 1 2 9 3 126 35 7
10 688 79
10 690 99 7 36
10 715 40 5 50 67 33 9 118 45 25 21 7 2 26 1 19 55 78
10 725 85 13 54 15 97 52 46 4 110 27 26 1 120 16 134 2 39 26 182 28 62
10 734 28 42 27 5 42
10 747 126 8 28 13 80 1 124 27 187 4 8 31 24 1 28 9 6
10 756 14
10 759 63 28 115 11 5 2 11
10 766 58 70 60 54 79 20 136 5 77
10 768 76 4 30 9 226 16 36 6 6 19 43 4 25 3 27
10 777 64 24 13 20 59 16 68
10 799 16 14 57 9 13 1 7
10 805 13 5 23
10 808 35 18 125 107 36 21 225 28 81 28 10 47 92 4 9 98 4 40 32 15 37 10 187 22 228 145 56 17 127 36 51 42 147
10 819 20 20 85 150 17 23 8 30 17
10 822 22 45 46 5 76 18 18 11 21 15 28 10 16 8 27 11 49 57 10 14 54 9 30 33 123 1 116 57 18
10 823 106 24 79 1 15 5 36
10 826 9
10 835 64 6 94 46 48 38 132 12 8 56 194
10 847 14 43 97 52 78 60 111 19 94 61 26 4 32
10 855 1 50 98
10 856 2 17 64 1 84 19 38 29 288 30 31 6 46 1 2 5 22 4 23
10 862 43 6 12 4 76 8 36
10 869 21 28 45 18 18 11 51 10 79 13 11 32 13
10 872 117 127 10 19 32 39 14 27 34 88 4 4 18 17 33 7 29 21 58 3 51 7 10 62 7 8 3 11 9 15 125 23 10 3 8 9 49
10 880 41 66 7 14 22 4 150 59 14 47 16 24 33 22 42 57 154 10 194 49 27 3 51
10 883 7 21 81 24 36 41 1 33 15 2 22 85 223
10 890 46 4 49 5 103 59 121 40 68 15 5 72 1 3 44 8 96 28 51 11 2 4 34 23 50 25 46 61 13 23 173 20 49 13 57 10 32 3 116 11 19 2 25 74 15 28 96 73 2 54 18 25 55
10 893 247 1 5 15 84 15 25 50 112 23 80 111 51 21 202 53 106
10 921 1 66 144 13 43
10 928 47 68 50 10 60 10 24 26 58
10 935 14 20 11
10 943 45 21 139 48 10
10 949 97 11 27 18 116 83 29 30 15 15 29 4 142 14 36 13 15 3 7
