10 0 8 13 44 13 16 31 80 1 67 40 29 80 5 21 74 19 54
10 5 58 24 13 42 80
10 28 12 59 250 68 47 21 12 46 5 5 57 27 176 76 91
10 35 10
10 45 14 10 52 7 79
10 48 7 10 69 24 16 11 12 5 1 27 68 7 32 43 21 28 115 9 78 41 61 58 41 196 232 1 77 1 19 5 41 38 26 11 34 25 1 22 15 33 192 13 31 2 93 54 27
10 50 37 9 29 41 15 26 35 16 55
10 52 93 7 7 4 25 6 10 69 26 114 10 4 8 34 87 55 36 49 34 8 20
10 53 26 8 21 19 6 9 305 21 153 2 50
10 63 16 32 28 21 20 15 58 120 156 4 121
10 79 64 5 41
10 87 46 20 17 20 38 7 16 2 46
10 99 15 31 166 52 17 30 21 24 34 8 27 26 16 2 16 51 4 40 26 50 80 1 31 16 27 7 8
10 103 15
10 110 13 14 18 50 32 107 5 20 43 46 8
10 123 16 10 11
10 136 49 58 109 29 23 34 23 27 1
10 188 41 1 27 92 24 14 3 33 90 5 52
10 199 18 8 6 4 46
10 212 7 53 92 18 43 3 127 35 68 3 15 70 43 40 57 21 1 11 3 13 30 1 52 17 18 5 11 13 57 7 4 41 85 39 55 5 14 21 17 4 5
10 218 25 4 6 9 14
10 220 6
10 222 19 41 20 3 20 1 28 31 39 1 2 14 24 27 10 37 7 15 83 61 58 5 13 25 20 29 22 15 1 6 35 5 125
10 226 72 1 104 36 17 18 33
10 245 60 4 52
10 255 40 22 18
10 264 28 6 14 38 24 5 22 17 34 13 41 24 3 3 78 49 58
10 273 50 58 89 43 27 58 80
10 284 84 25 48
10 297 8 16 6 9 63 24 82 42 70 13 16 15 12 6 56
10 302 57 6 26 105 148 4 7 17 9
10 313 20 4 52 17 25
10 317 11
10 340 50 60 40 1 27 5 102 3 11
10 344 31 13 162 49 96 25 13
10 357 73 27 99
10 365 3 21 22
10 366 206 2 8 13 10 27 57 93 3 64 28 34 27 41 25 34 25
10 380 125 42 41 16 29 67 3 15 1
10 383 79
10 431 1 24 64 3 42 3 9 38 14 30 24 14 47 34 27 21 11 45 8 5 39
10 448 146 11 4
10 452 22 16 225 34 12 119 12 113 83 2 7 8 60 1 6 16 73 10 11 9 16 64 56 8 8 153 205 36 113 36 31 19 137 14 73 128 35 39 18
10 454 57 9 16
10 479 3
10 486 26 73 54 1 17 87 17 98 118 6 50
10 502 7 29 38 12 17 71 11 6 1 14 19 8 19
10 514 6 18 6 31 128 38 13 4 7 11 65
10 518 21 16 289 128 8 12 13 5 38 6 16 15 72
10 523 4 14 9 52 114 97 20 161 9 26 68 18 43
10 525 168 41 7
10 529 35 86 28 166 183
10 531 193 13 17 21 23 10 7 36 3 20 41 27 31
10 536 5 27 180 1 155 52 47
10 563 6 43 11 13 25
10 580 34 26 32 58 31 21 44 1 63 26 110
10 598 331 17 115 12 378 10 57
10 605 49 8 3 13 7
10 613 22 23 37 45 52 28 4 19 20 3 7 11 35 10 48
10 638 18 26 25 18 201
10 654 41 17 44 11 78 40 31 42 27 21 14 1 81 1 4 14 59 33 3 46 38 79 15 13 42 6 19 9 56 38 200 17 106 1 24 103 59 9 30 17 4 1 32 7 92 4 1 23 6 51 87
10 662 3 28 42 16 25
10 667 56 4 30 8 19 36 21 14 83 3 24 18 24 17 23 20 13 3 6
10 671 75 35 14 9 55 2 27 17 7 22 35 36 42
10 679 37 1 25 7 100 3 31 20 118 8 49 36 11 26 8 12 43 2 40 78 152
10 683 76 13 2 42 11 106 38 18 72 35 146
10 690 43 4 136 3 89 16 37
10 691 24 7 190 5 31 35 43
10 704 98 24 49 32 29 19 3 8 93 55 136
10 707 9 57 59 35 73 11 7 9 8 31 36 44 195 148 106 12 3 7 1 13 130 8 40
10 743 37 4 7 7 183 2 2 39 36 4 36 3 15 32 64 86 34 28 138 10 49 25 83 21 51
10 744 7 12 77 20 36 7 4 8 40 11 39
10 752 37 53 52 6 130 50 155 14 9 1 55 4 26 83 281
10 783 57
10 790 24 53 97 3 192
10 821 18 74 13 54 28
10 856 92 3 26 8 48 11 15
10 882 50 97 100 41 15 6 23 13 73 99 4 13 21
10 889 4 8 6 13 44
10 898 115 35 2 34 124 4 17 20 14 15 23 104 2
10 904 8 17 93 19 5 8 51 10 6 28 17 12 136
10 923 60 5 53
10 924 69 22 21 78 132 29 285 25 155 6 45 1 25 1 85 2 5 91 13 47 15 1 99
10 958 120 4 56 17 1 48 80 38 33 10 6 14 36
10 960 42 22 8 10 72 6 38 3 20 50 29 47 4 15 121 59 107 15 2 5 43 2 70 1 118 8 33 16 28 3 158
10 961 64
10 988 106 16 25 17 180 4 119 97 85 26 54 26 54 10 26 10 45 4 99 16 20 6 112 4 22 8 193 4 129 16 29 8 3 5 17
10 1013 36 21 47
10 1018 6 17 92 3 46 39 16 26 46 51 209 28 122 1 21 6 38 93 145 8 36 27 22 100 11 24 6 6 103
10 1027 67 58 218 5 13 98 40 25 41 28 51 15 90 114 55 11 43 5 6 9 50 63 3 95 2
10 1061 1 8 18 11 1 7 31 99 23 8 66 6 140 61 39 2 3 24 74 11 24 42 15 22 165 1 40 45 109
10 1065 11 14 19 1 13 67 36 10 7 7 17 50 29 1 42 3 60 9 113 15 12 5 92 64 24 25 64 3 122
10 1069 11 51 33 4 94 36 16 28 80 36 121
10 1076 68 32 18 20 131 16 200
10 1112 78 49 24 32 27
10 1173 6 14 30
10 1180 100 75 42 2 76 39 90
10 1190 102 14 25 18 5 32 139 20 19 29 45 48 33 11 87 6 74 21 60 21 9 21 95 12 55 7 65 32 48
10 1206 16 141 76
10 1216 57 12 76 12 26 51 23 32 6 43 90
