10 0 69 36 39 28 24 32 22 6 9 2 139 33 22 26 2 44 4 5 17 7 13 53 1 23 125 12 8 1 205 12 68
10 14 1 7 7 77 199 25 20 1 1
10 21 24 13 52 35 28 14 43 28 9 59 8
10 59 5 13 25 16 55 1 116 21 91 9 94 3 81 87 15 44 19 66 31 4 44
10 68 117 61 18 126 74 11 83 59 31
10 84 63 42 7 20 21 71 7 12 60 1 112 19 2
10 86 166 25 13
10 99 27
10 110 36 18 5 51 43 37 84 27 28 14 68
10 114 55 75 76 3 139 73 8 10 119 35 23 2 147 2 38 33 3 35 105 22 12 11 55 105 25
10 116 7 15 26 1 116 10 29 34 88 10 35 84 39 8 64
10 132 2 5 4
10 138 166 12 4 57 36 1 5 21 126 60 32 162 172 11 3 100 56 13 49 12 31
10 141 52 20 2 2 138 3 52 69 27 12 69 75 80 5 151 2 15 24 3 1 45 23 164 12 21
10 142 58 4 59 19 1
10 175 52 14 31
10 180 8 22 31 9 219 5 35
10 184 254 93 42 38 22
10 198 25 6 37 84 83 45 20 15 17
10 200 41 42 30 50 18 5 36
10 219 33 8 61 61 34 33 25
10 220 36 13 3 48 85 13 7 8 7 7 86 16 58
10 231 17 17 143 4 60
10 242 1 5 58
10 243 11 37 153 28 8 7 2
10 246 22 25 92 36 20 30 90 23 67 4 8 6 83 30 55 68 86 27 51 11 56
10 251 29 2 31 66 5 26 10 1 36 44 30 6 102 3 22 25 15 52 13 24 51 16 54 93 45 16 122 18 29 72 45
10 268 57 13 8 28 3 34 79
10 269 68 58 34
10 275 24 21 49
10 282 111 29 9 7 1 18 20 10 40 25 57 29 43 21 26 50 28 19 5 35 27 4 36 13 57 26 7
10 290 48 88 57 15 45 38 46 20 2 27 76 15 35
10 291 9 21 67 8 39 32 67 28 144 38 35 4 62 3 24 5 58
10 294 24 2 5 6 21 7 28 12 14 35 26 34 35
10 305 16 5 9 41 12 71 29 8 8 5 25 9 73 10 99 11 32 10 5 101 4
10 317 28 26 15 11 3
10 322 89 13 35 10 88 48 11
10 334 40
10 335 45 4 63 24 20 7 1 2 10 15 29 29 17
10 348 45 1 113
10 349 17 40 136 39 14
10 374 34 71 30 34 117
10 381 144
10 382 8 39 79 4 52 4 53 16 120 10 27 21 31 4 21 67 14 29 148 8 69 34 48
10 386 55 20 43 41 9
10 393 5 8 224 57 51 20 98 16 15 21 74 29 61 10 158 32 64 9 19 4 1 3 6 27 58 38 22 1 40 1 27 2 59
10 408 8 20 57 29 13
10 442 16 27 82 17 105 37 25 70 104
10 447 54 16 33 27 22 66 7 3 18 42 45 43 72 4 58 76 25 68 32 33 61 1 136 4 32 11 50 9 50 25 50 4 41 41 22 47 6 7 18 44 22 107 33 14 18 34 34 23 95 38 10 3 9 63 3 13 3
10 459 19 72 18 15 28 6 111
10 461 86 51 38 16 84
10 465 63 32 58 30 12 13 128 6 58 34 164 43 12
10 483 120 20 82 14 54 5 6 16 65 23 16 33 88 27 40
10 494 33 26 59 2 68 15 1
10 499 109 3 80
10 515 48 41 58 25 34 72 25 68 72 7 12 13 71 29 99
10 523 15 38 98 18 40 33 85 11 32 1 26 1 118 39 44 35 49 46 48
10 524 86 1 21 3 37 31 4 75 26 42 57
10 538 59 18 8
10 541 67 4 143 67 47 14 78 6 27 44 34 15 17 31 41 50 6 30 2 92 15 47 88 5 17 49 79 44 53 2 27 1 69 59 40
10 543 4 18 13 41 83 38 2 5 10 6 10 23 16 2 6 105 18 18 8
10 545 121 7 42 2 20 6 4 18 20
10 546 47 25 74
10 564 183
10 575 30 1 105 24 219 43 22 44 30 16 48 11 4
10 580 170 2 62 33 15
10 631 86 213 20 42 118 23 15 8 37 6 5
10 639 104 6 54 29 19 19 34 28 113 1 31
10 643 3 76 130 18 25 92 40 2 6 45 7 16 334 32 93 6 14
10 670 12 1 62 15 16 49 34 6 7 6 97 33 41 6 64
10 671 1 2 10 1 40
10 674 8
10 683 15 52 112 120 7
10 710 55 12 30 5 2 60 47 18 69 3 45 4 8 33 24
10 715 294 6 27 9 24 22 33 28 50 30 18 20 23
10 716 91 24 17 5 16 18 56 27 46
10 720 53 5 15 121 50 14 132 14 18 20 26 11 34 10 33 37 79
10 730 22 7 33 7 207 11 148
10 745 39
10 746 36 25 20 2 24 31 97 3 10 21 24 12 10 3 9 21 56 33 14 6 45 23 21 55 125 91 90 62 3 35 72 15 39 111 34 121 4 48 83 25 3 21 24 17 52 26 37 32 29 36 33 17 78 14 35 28 7
10 749 21 9 30 11 28 28 13 5 57
10 751 2 27 37
10 770 1 7 7 58 3 48 20 19 19 1 3 14 20 6 10 69 145 91 32 15 117 10 113 39 58 71 61 109 50 40 43 34 65 15 18
10 772 139 12 21 5 81 7 13 28 19 17 9 2 44
10 794 50 45 45 17 4 44 37 13 111 3 8
10 800 32 5 7 35 69 11 8 64 195 24 20 7 46 30 3 16 19 8 65 53 13 87 132 6 38 28 86 13 8 24 72 47 65
10 813 60 12 37 20 47 6 34 6 10 30 91 6 13 52 14
10 820 30 6 31 25 32 14 52 42 57 18 36
10 855 105 18 97 5 21 38 55
10 881 32 16 43 12 30
10 891 93
10 919 63 18 41 17 31 14 17 36 57 29 48
10 926 51 1 46 12 17
10 930 29 62 9
10 941 173 3 37 54 12
10 943 9 4 33 63 54 64 42 13 22 5 81 44 45 27 13
10 958 89 7 214 19 219
10 972 7 24 9 3 51
10 976 75 32 18 4 100 29 50 17 11 30 27 19 31 11 112 26 29 35 54 2 49 4 138 68 51
10 993 174 35 19 37 12 23 20
